$ANSIBLE_VAULT;1.1;AES256
30373138616236626162366639613134616264616136323833313334383534316235643864613835
3861316464343164343437623062373932346235646230330a636336666130356632616135316539
66306434613961393332336535656261373232326337373730623964323134366537393332303732
3637386435313536620a373266653236366637663937663563396231366339356466626333393965
36333539333137303531613134376565326631616565373337306662346666336163626361323335
61373635393733646265663162303064663230313838333731313164353635306234303132633961
34386661353232316634313238656433643665626361623232346138366464336134613436313133
64666563373563663438643164323938396666663164343162356161333833313864353466303733
62643566386133656632646231656564323537323332373864343062316466316238396230346439
62363233316135386539346336383934323832386364653933323264363962393836393638633566
61656362643538356135623162363931636438386531613563323664323634323739663030376261
31656363666565336166333036653265313636313064616138653864356132306431656133613363
38323665653034626136646364643233336632366633353331363361653839663533353837333434
30336232356564346533316239646533393335346539383965633063343663613032386333333738
35616666616431656364326434376466636563633736366336356531313031373935323534623437
63326132666162363231303561373963393937653037636234633438643339386439653132386639
38316363376338343565663130386431353531356466303233396262313137636237663039346336
39626234383363623935666232616265666364626638343062623865323263333363313237643130
32643036366165613131613662373363656663663664376432343135346335353035626635336539
66353932373735333738653439396134316339353833363463656531373234393438303034333166
63343939313961363166643563626638363362646465626439383633633832373562636666316231
33613732386434333837333836363739336636626639346232646133343335663037363632346266
33313437303432646563376334313033303233343432363933653262313463333835363737623461
31346462666166616137373265616465643134343232626536333061316164316661613034393835
6165
