$ANSIBLE_VAULT;1.1;AES256
61366132323530306138613835336639333738633062636463616333313863633136326334613835
3838323231343831313231393635313138623632316639340a633730366535313131313437356636
36313337666366333261656230616663336233316132353933626638613164636666323132393966
3264303839613263370a623738316564636265633135353833363866383431366532343830383231
36613338656536383630346633323233356231646435306536643666623362333736643036363635
31623135646334653737633739333062376666656666353330636535653165383163326635373637
61303936323363353961376361393763333061353637313134616364616239643432663466633234
65396630333664653631666639333635353639663334643330656264326135613766613834366664
37383930323330313039326331356135656462393235353561303962383936656638303032313264
64623735613238356661333635386233623465623336613962383938663263663461346439363833
64373331666230333865613061336335616264356632336361306638343866653331356363313535
39393837306235363733346134376336653538346535666461393464343737613034306230323734
37396634663231623930663963613031656663666131396265636537303864356461323030326461
32376166636361623762363336326132343634346230616631643235643363376238363538666362
37643235363063636232396265366364633734393432663335363733623030373565343331633830
63656435356533616433663865626163373762373262663830646365646162326664323938636266
62383231616464393166663233623333316530646465343634643132646232356530353966356534
33656366303031376237343633643131646261653032333236303136633136393662636162626366
32323939366334316435306562333434653934653137303263666633376661643464653665646434
65656362326132333738613862333931356430343436303939353239363334316139303135323338
65396230636330346235616239623133353263623432373561363233343364396262353030316164
32663934363137613363373666646565633462393934646231633034393938663236633533323337
35333432393963386633303366366534656132623265393636376563326430396636623966656233
30393764613731646630643533303166356539383163313238663835326565373532646463626233
30636462623133373565336232396431393764613661333862376132366331376332656236376262
62346332353365313735393561313064396564396263343637333262353761373036333266333738
64663965383061383266366434353330323162373865663436303330653163656434616366363331
39613532373431656436386237356131316634383032393664383132393733626465336164613266
33323538643061376263376662653031613261313331666638366131313030626562336562313938
66643362306432326336326366313531646537613066346162303033366265346534373664386638
38633766393364376461653462316635363163356564643839313861653836383936316166376230
65356139616233336532306330383934623033336336303765643166343137393631363731643137
39333361323230363731646338313039666434356132626361356631316431626334393437376166
64316135303737343736336239633931303638383436313939653034343563373665396438623537
38383537373466666661633565326533393437303563353866373465663936356639343135623030
62616439346630393636303535623635376530336634663263383464373861346335666434646530
36313763643666396335626161323565313837383830366135396432323135383965386632343864
37613366316463333236323562613261663734623764326532303530393432623530656166373436
37653563343236376338646338373864323464346162666565373538306461393139396233326634
32393033643061383761393364663263616430656434613233323863303261366665333866343763
61366563643063663331353931643231356265336265643963303364383832373662643033316138
62376534313836363439366665616139313739633935666464333562356432323362616562383965
32353034633635336466386634653666653735306236346263656439336234616434633632663064
63383137356537383933383632313165636236363633366333633366663463303364336463353333
36653538363365363434396562663861633234393337616339626538383139653139323339663834
36633537653031666332376237616637326462626237373136336135323665613166636163323034
64663038653137303162396336393766323331316532613065386331636161336464623237356161
36333538616438356465613431376639373662353734336637396431356433336233613064323663
30336430643834633036616263626138633534666462326136653334663362666235383033613730
33343565386235613366326134306264303731346434373962343534633939393736633336313465
62383132353736376234636339623461303435616331666534376639343861336462303036303865
66636239636631323338666262613832613263626365353237343530613034373038386663656137
30313863646133393838306339656233313962356137326330666531373137313835323437373531
37336465306633623832643064396261313333386538363663346362323166323361656439306264
35346132343238623964396363376663363435383462656434663166363463626264623231666134
61643736333565326231633138333637343636303634393137653835663035393831653438366163
64386663643538623536613636343263353666616665356633303666643932336638363035613335
62663261316465626461646264363839303636633836613062373932316439333265323836383961
34653066633032333036313561333030353866383661333239643763623234376238326335653632
30333734353739383164666562643061313061393435313435373636336332636534353133353038
30386335653265343563323132326362656431346261393930313430316131306561613230646433
35326333646165623932333539616136303637326361653662643031643138313333363161353561
66613334323630333635623031386435343763333537346264363434376438393766343234653664
36336563376264646637653531343932303530653761336364636537626631383866393237663562
36663537393365323930613733656463633836333131626565303335633733626133356664623563
30353136333333613065393262663433636235376661326465366335363635303836633065366263
33386634656364373034633139666463666535393434646530333931303031623261333331646439
66383236613338666464303937623432623238383430333336613837363763323936393337653163
62316130646436333662326131363432653134633838353937326463623731663438306338646466
61363562393039303231643664636334313362613433333362336434643132373862663564653231
31396633393365353935366264363035343761623830323338303065373830393066666333313137
36323763373630303562363234373334373533306335636630663539663866396238363631376635
65643738323664343834353430373432623136613233336263636530356631326565373266336339
37346538336163393430623133326162383635356236653337383838366538616133313834346439
30303566383339643439663262613139646337363165623833366362383832323130383739663161
66646431333637393532623433386134353038303231383737613233666464303562363939383739
64323231386431636162633762303038653434393034366466333833333066343639643734363932
39383934383265313139363032323535353937343731316131383334643938626131613535613932
35343366646530663234626662303265316138653531346339366139353537316539643031383436
62656236326234376530356334373331376232613936373934646666326663643632623034313063
38633861616435383462373564356566396539633637396231666236643263623137623965636463
65356632626364346331396663626431663065636138656133313565376462306337656632303364
36343338653433393839616666646530663665313163653165613839363733363761373037396439
38663233326232326463653339666536336530303236393164323961326139346336356336303866
65333065326535346263333737383734626330633763643130363836353063323662356230636539
63393664653830336532303434353032323764653332646562643566373838313865353332313239
31303139363330623337313830636462323939626631616465383365393836643939326462303633
64326538313064646261353336333537646164316338623135323339666233356331343861373339
61303739363935306561646366383964383266643734373933656531393439656132343138633735
39666265613530656633613932313731356135343662396130323830353366376139626535383032
39303739613465643435383533646563353333633735366336376435316434326663343364333633
65666561326235393732386162326234633835616461633866366234326339663663303133316537
31383736383463336662346330353935393934373136666234393364353061356666376665613939
38363164393330333136383435306536616231366565396433326537643633336232393634616534
36333730333338346435363362373361313432356663666234396561336235393161663264616634
66616635373239623438323630633234663338333731316566353231663937316135663163663162
63623837343264373766623835643535393466306666363239316565383133326435636232633162
65643334613630373335616361333938653130346130353161303565333833313763613162623265
39303836396237666161616638323564666563633537353338306435633833376638383039373562
64346461616365306436323436623465396238643634366265313061383933616535663838633834
33383237353135646162636161363033626231353332383232613462363965613562326363326435
32613438633764353064323361636262346462373732383037396264653431666563636430313233
64386364646435356538363066653131336561353336626463626439356535383666663735643464
31643231336237303433346330313337613637643833653332383232356533386463633164343164
66623236343339346234613162646635643234666230623138393234633636623036306138316335
30396463386661363030383636323565326362653766303465316563363263323035646531626538
63386334356239313162636137313938643466666564326132336638336234306235616165316164
39663262373663643662613164333263333935646264373664386233333363363663306632346464
39626230616636386637613636366431333233393061626336313232323030616532383539393932
66633461373339396131626630393237626134643265356461346333613939343034356633363931
65656534643964353763323866323763323637333135396236346163316132373131343236323138
66373630656563633033303563666430323031393030663630616532386266633738663439303930
35653361363436316439326134366566636165633835656265656431333633396466353639666134
32313263366539326538653438353439636133336262326562633036313364386138613030373937
34353362643333623737323663376530323531306136393137376632616466366536333730353831
31613934633135336230383839333763303231326636326433323164376531356437666237646233
36326437643061376438653166336538633838396239353665306465356266343562396238336465
39656332366235643665626339343538616238313636623935306433653866373235313163656435
66633833333462613238356166616239616635333865306564323762303736646362336631313931
66616631386531376338373834383334323531356534613935613239396364353039366666336439
38616134663537633135396638636535666264613734356437313865663034346431363366353339
61613639643733386234356237623165623931663532376632373031393331356631663032393165
37633838376666386433316534366539353134626136666339343663356466373563323865313731
30343935643731343134656235643564636436623933353363303666613439373464373463386533
32633565326335636533376232346534646433373833666161633332656531386162366437353566
34366636643938623464313038393633323961333665396164643934303966353766653764333266
36643063613235326436383635653339393138333837346637373762363961393139373537353265
33623931623464316430393839666437393161323763393164306662383162653230363764656335
34663836313731313036633233306238316663623334376365303961343163303936306337363736
63613837663531393130373465633062383838663963653131396263386130363564663966383665
32343161656561313733363432613133633939633064346435333963613063636435303231653730
33383337353461663261616163373831316338653564343638356661353431376465363461346466
64396438326564353932336565393635356163393435623265653639316165613430636639666535
65303939306465343933633335336265346635333232343630376566623165633332316537353566
31343537643065663364666232663933363933636535393163303265363232316436393935653134
32663535653664663663646264393665373563636233633633373831313336323234613930396536
39376136663434643836353961633539373032346134343031313236373137633137373631326364
65313934343964343736613964663066626439376265643362656662643336383235323431306537
35656465313936663730386231343830306365346334383631656465626138333365326431653431
30303632323764633833653162363039323833646632633236376665646233376566303564653239
37313565346463643961643732326535616366373736336131363538653931623531363535353131
37383637623664343136633830636331633762653333393763343635386335646637306664643562
61653636363033613839373431313030373232616561393434366663346664663039626132353666
64316234613734306436343137353936333166626138303962663537316337303936376266343762
66386339353761373635633862643335363933326439613239376530653031336130393139386365
30636363333231356130346663666661643166353632303861656639313134396137623439643830
32623261376366323735643132326130326535346434633839623931626539323036366163313231
36306339646533376439613830613531653538366535366533323534376535356135313234386432
64343438346239646238616433666362353039363161646339643439396465353731396465366438
30666138303735623535396666336461373038386537323633633464613734306333653434366335
63656664623132383638336434636230346330643933336330373335666430636130613935646136
66666638656432393033353737396238646639376631353265346537363239373164373734663639
66373433363364393963376231616135316433353438383163386634313665663132323466386532
30646561643439383130333133343262316232363334363937353633616363396139656665646131
37633665666430653432323332323863613336356635393663353937653634313564303032613131
66613939393361653565633937613634323633326661383765653262633935333338646566653965
33393234613936623765633163366561326563306335613239633833373234643333313231303433
66373533373437353237376137626333373165303138396230653134636435616138336434313834
32396633663266393736376137343132616632303835383961303662663037336231326232383131
64636564323432636639303134303938306635343630653739613838633737656564613961623666
36333734343263623432643566316165306432663637323266643764386531643532623934336530
66303637303661613839313237336266643333646533306362643739633535313831336135666332
61333533383762643866613836383336313564396330623961336430353462623263303134326532
66623565623933373834363339306537376630366365356535663132313665653061653636646330
61373963353362363566613832656236663531646132336462643539616435336439663764633839
32316138306365373362633865666161613033353865366264376130346237343164356635666137
64313465623365656239383562353039633331616135393130323361343736386264653230393636
36333962333533313362653733353666376335613639613733393464323332333336613465643663
61373534333364353366356330616362343635366666376135303538653239376665393261343364
37653831633031396331643637623466623630643335363463336637393833353161373835613635
33643733646565366636376163653263376233366133353262306537626562353133326133323432
36356132366235653838323132373535383539363130393433373631383933383934363938363165
38313264656439386235383133356464396437323238663336663262643465343431646535313632
35396333653362396262613639666563666630633265323865653838333737303734323265356563
35323261383632323837376337303865643231346138613937613564616232363965363732386439
35353836396436306164
